{"nbformat":4,"nbformat_minor":0,"metadata":{"colab":{"provenance":[],"authorship_tag":"ABX9TyP3PD9xqVHSWWZ2igl2nPgE"},"kernelspec":{"name":"python3","display_name":"Python 3"},"language_info":{"name":"python"}},"cells":[{"cell_type":"code","source":[],"metadata":{"id":"4AIgygk6L5t8"},"execution_count":null,"outputs":[]},{"cell_type":"code","source":["## method 1\n","import numpy as np\n","from sklearn.metrics.pairwise import euclidean_distances\n","\n","lambda_param = 2.5\n","A = np.array([[np.random.poisson(lambda_param) for _ in range(100)] for _ in range(10)])\n","\n","original_distance = euclidean_distances(A, A)\n","print(\"Original Distance matrix:\\n\", original_distance)\n","\n","M = (original_distance[0,:]**2 + original_distance[:,0]**2 - original_distance**2)*0.5\n","\n","# Perform SVD\n","U, sigma, Vt = np.linalg.svd(M)\n","\n","reconstructed_vectors = U*np.sqrt(sigma)\n","print(\"Reconstructed Vectors:\\n\", reconstructed_vectors)\n","\n","reconstructed_distance = euclidean_distances(reconstructed_vectors, reconstructed_vectors)\n","print(\"Reconstructed Distance matrix:\\n\", reconstructed_distance)"],"metadata":{"colab":{"base_uri":"https://localhost:8080/"},"id":"iIEJf4QyvVHy","executionInfo":{"status":"ok","timestamp":1688475749038,"user_tz":-120,"elapsed":1795,"user":{"displayName":"Rongrong Xie","userId":"18136672972665103616"}},"outputId":"02d249d0-939f-40f3-97e6-fedbc081b543"},"execution_count":null,"outputs":[{"output_type":"stream","name":"stdout","text":["Original Distance matrix:\n"," [[ 0.         23.83275058 24.31049156 20.78460969 22.97825059 22.69361144\n","  23.53720459 23.66431913 24.33105012 21.47091055]\n"," [23.83275058  0.         22.82542442 23.91652149 24.73863375 24.75883681\n","  23.23790008 23.53720459 24.53568829 23.85372088]\n"," [24.31049156 22.82542442  0.         22.38302929 25.59296778 23.19482701\n","  22.24859546 22.42766149 22.86919325 22.18107301]\n"," [20.78460969 23.91652149 22.38302929  0.         23.74868417 22.737634\n","  21.40093456 21.26029163 22.89104628 19.57038579]\n"," [22.97825059 24.73863375 25.59296778 23.74868417  0.         22.29349681\n","  22.09072203 22.49444376 23.36664289 23.3023604 ]\n"," [22.69361144 24.75883681 23.19482701 22.737634   22.29349681  0.\n","  21.79449472 20.37154879 22.86919325 21.11871208]\n"," [23.53720459 23.23790008 22.24859546 21.40093456 22.09072203 21.79449472\n","   0.         19.4422221  22.3159136  21.1896201 ]\n"," [23.66431913 23.53720459 22.42766149 21.26029163 22.49444376 20.37154879\n","  19.4422221   0.         24.37211521 20.0748599 ]\n"," [24.33105012 24.53568829 22.86919325 22.89104628 23.36664289 22.86919325\n","  22.3159136  24.37211521  0.         22.42766149]\n"," [21.47091055 23.85372088 22.18107301 19.57038579 23.3023604  21.11871208\n","  21.1896201  20.0748599  22.42766149  0.        ]]\n","Reconstructed Vectors:\n"," [[ 14.15267625   3.13614248  -3.14377024  -0.02713435  -7.37197431\n","    4.36840301  -2.60970865   6.39309968   4.74142604   5.98678682]\n"," [ 16.39719306 -12.56185154   2.58185187  -8.53377141  -4.9346974\n","    3.18914852   4.16181481  -0.68066353  -0.85587738  -1.13309912]\n"," [ 17.6650243   -9.42877253  -4.18599088   2.65662233   6.93086975\n","   -0.07823326  -9.2364136    0.05900179   1.30998469  -0.05165332]\n"," [ 17.32106632   2.23576036  -7.7403461    2.54097758  -6.45523685\n","   -2.75442318  -1.48136922   0.88579574  -8.86667466  -2.85929715]\n"," [ 16.59805996   5.53387717  12.18955829  -2.71867793  -3.50456377\n","   -1.39407134  -7.20885374  -3.27998069  -0.28932514  -1.34921577]\n"," [ 17.75281364   5.47438445   2.0795594   -0.02023464   7.02114518\n","    9.83586302   2.28564544   3.85574099  -2.53072259  -3.51720191]\n"," [ 18.7810885    1.41174971   0.87663507  -2.2690878    2.50128197\n","   -9.55090537   3.35400421   6.59320074   4.09108208  -3.58493931]\n"," [ 18.66445804   4.0693381   -2.46269974  -6.40767968   5.72743695\n","   -2.84815441   2.39247334  -3.90288388  -2.89055208   7.71432691]\n"," [ 17.35667001  -3.97360318   6.647549    12.74556688  -0.58284705\n","   -0.98955909   4.88805049  -0.85906604  -0.88772167   3.34577241]\n"," [ 18.08378999   3.6990597   -6.35625891   1.98229419  -1.96917728\n","    1.83642955   2.4387945   -8.06160528   6.61491067  -3.62769197]]\n","Reconstructed Distance matrix:\n"," [[ 0.         23.27779395 23.13261632 19.62613832 22.27315401 21.36303398\n","  21.55135447 21.87089637 23.28300788 19.90235035]\n"," [23.27779395  0.         22.79999491 24.25099449 24.76058374 24.89146716\n","  23.33981286 23.61704858 24.51610666 24.2455404 ]\n"," [23.13261632 22.79999491  0.         22.52660322 25.53826009 23.25437735\n","  22.34817839 22.50183066 22.86938013 22.44419595]\n"," [19.62613832 24.25099449 22.52660322  0.         23.93389749 22.74602657\n","  21.2366776  21.14187145 23.08858956 19.54085616]\n"," [22.27315401 24.76058374 25.53826009 23.93389749  0.         22.32757732\n","  22.04055677 22.43978938 23.32640944 23.52052183]\n"," [21.36303398 24.89146716 23.25437735 22.74602657 22.32757732  0.\n","  21.74466904 20.32926933 22.95791508 21.18850448]\n"," [21.55135447 23.33981286 22.34817839 21.2366776  22.04055677 21.74466904\n","   0.         19.44734921 22.43425123 21.15977092]\n"," [21.87089637 23.61704858 22.50183066 21.14187145 22.43978938 20.32926933\n","  19.44734921  0.         24.45618717 20.08734097]\n"," [23.28300788 24.51610666 22.86938013 23.08858956 23.32640944 22.95791508\n","  22.43425123 24.45618717  0.         22.73868434]\n"," [19.90235035 24.2455404  22.44419595 19.54085616 23.52052183 21.18850448\n","  21.15977092 20.08734097 22.73868434  0.        ]]\n"]}]},{"cell_type":"code","source":["original_distance[0]"],"metadata":{"colab":{"base_uri":"https://localhost:8080/"},"id":"JfYnA5IeCFr4","executionInfo":{"status":"ok","timestamp":1688459575579,"user_tz":-120,"elapsed":258,"user":{"displayName":"Rongrong Xie","userId":"18136672972665103616"}},"outputId":"9fc546d6-56ab-4f60-89a9-e70e39b168b5"},"execution_count":null,"outputs":[{"output_type":"execute_result","data":{"text/plain":["array([ 0.        , 25.0998008 , 21.56385865, 23.28089345, 20.66397832,\n","       24.59674775, 23.60084744, 24.8394847 , 25.13961018, 21.72556098])"]},"metadata":{},"execution_count":30}]},{"cell_type":"code","source":["reconstructed_distance[0]"],"metadata":{"colab":{"base_uri":"https://localhost:8080/"},"id":"NvHcYwGovU5r","executionInfo":{"status":"ok","timestamp":1688459595463,"user_tz":-120,"elapsed":214,"user":{"displayName":"Rongrong Xie","userId":"18136672972665103616"}},"outputId":"028cf8f2-af98-4891-8fdf-d2dbc56af9cb"},"execution_count":null,"outputs":[{"output_type":"execute_result","data":{"text/plain":["array([ 0.        , 22.89490463, 19.71170991, 21.48693057, 18.41701464,\n","       23.14669179, 21.17332834, 22.42014255, 22.9684454 , 19.6031959 ])"]},"metadata":{},"execution_count":31}]},{"cell_type":"code","source":[],"metadata":{"id":"9Z_VTX2bCVqF"},"execution_count":null,"outputs":[]},{"cell_type":"code","source":["np.sum(original_distance - reconstructed_distance)"],"metadata":{"colab":{"base_uri":"https://localhost:8080/"},"id":"9fUV2uqqCVmb","executionInfo":{"status":"ok","timestamp":1688475763301,"user_tz":-120,"elapsed":646,"user":{"displayName":"Rongrong Xie","userId":"18136672972665103616"}},"outputId":"5cbf9b63-e08d-4241-eaf9-e3fb9c3210d8"},"execution_count":null,"outputs":[{"output_type":"execute_result","data":{"text/plain":["17.932047704763463"]},"metadata":{},"execution_count":4}]},{"cell_type":"code","source":[],"metadata":{"id":"a3oo62FICVjF"},"execution_count":null,"outputs":[]},{"cell_type":"code","source":[],"metadata":{"id":"lHnObiS2CVZJ"},"execution_count":null,"outputs":[]},{"cell_type":"code","source":[],"metadata":{"id":"h-9eIqGNSqqF"},"execution_count":null,"outputs":[]},{"cell_type":"code","source":["# method 2\n","\n","import numpy as np\n","from sklearn.metrics.pairwise import cosine_similarity\n","\n","lambda_param = 2.5\n","\n","A = np.array([[np.random.poisson(lambda_param) for _ in range(100)] for _ in range(10)])\n","original_similarity = cosine_similarity(A)\n","\n","def objective_function(x):\n","    \"\"\"\n","    Define your objective function here.\n","    This function should take a vector x as input and return a scalar value.\n","    \"\"\"\n","    # Example objective function: Sphere function\n","    return np.sum(cosine_similarity(x) - original_similarity)\n","\n","def simulated_annealing(obj_func, initial_solution, temperature, cooling_rate, num_iterations):\n","    \"\"\"\n","    Simulated Annealing algorithm implementation.\n","    obj_func: The objective function to be minimized.\n","    initial_solution: The initial solution vector.\n","    temperature: The initial temperature.\n","    cooling_rate: The rate at which the temperature is decreased.\n","    num_iterations: The number of iterations (or steps) of the algorithm.\n","    \"\"\"\n","    current_solution = initial_solution\n","    best_solution = current_solution\n","    current_energy = obj_func(current_solution)\n","    best_energy = current_energy\n","\n","    for i in range(num_iterations):\n","        # Generate a new candidate solution\n","        candidate_solution = current_solution + np.random.normal(size=current_solution.shape)\n","\n","        # Calculate the energy (objective value) of the candidate solution\n","        candidate_energy = obj_func(candidate_solution)\n","\n","        # Check if the candidate solution is better than the current solution\n","        if candidate_energy < current_energy:\n","            current_solution = candidate_solution\n","            current_energy = candidate_energy\n","        else:\n","            # Calculate the acceptance probability\n","            acceptance_probability = np.exp((current_energy - candidate_energy) / temperature)\n","\n","            # Accept the candidate solution with a certain probability\n","            if np.random.rand() < acceptance_probability:\n","                current_solution = candidate_solution\n","                current_energy = candidate_energy\n","\n","        # Update the best solution if the current solution is better\n","        if current_energy < best_energy:\n","            best_solution = current_solution\n","            best_energy = current_energy\n","\n","        # Decrease the temperature\n","        temperature *= cooling_rate\n","\n","    return best_solution, best_energy\n"],"metadata":{"id":"LlGfVe1hQ9P5"},"execution_count":null,"outputs":[]},{"cell_type":"code","source":["# Example usage\n","initial_solution = np.array([[np.random.poisson(lambda_param) for _ in range(100)] for _ in range(10)])\n","temperature = 100.0\n","cooling_rate = 0.95\n","num_iterations = 1000\n","\n","best_solution, best_energy = simulated_annealing(objective_function, initial_solution, temperature, cooling_rate, num_iterations)\n","\n","print(\"Best solution:\", best_solution)\n","print(\"Best energy:\", best_energy)"],"metadata":{"colab":{"base_uri":"https://localhost:8080/"},"id":"RtRjFZxFNHgs","executionInfo":{"status":"ok","timestamp":1688463942799,"user_tz":-120,"elapsed":536,"user":{"displayName":"Rongrong Xie","userId":"18136672972665103616"}},"outputId":"e3d7fc61-2737-4990-b5fe-3b0b110d7195"},"execution_count":null,"outputs":[{"output_type":"stream","name":"stdout","text":["Best solution: [[-2.50649995e+01  5.50188997e+00  1.37910755e+01  3.33986252e+00\n","   8.28448164e+00 -3.09713152e+01 -7.81555562e+00 -1.44053804e+01\n","  -1.73364643e+01  9.74808776e+00 -2.09669460e+00 -2.15175953e+01\n","  -2.26206407e+01 -3.38613734e+00 -1.10193563e+01 -5.64426717e+00\n","  -2.25944454e+01  1.73907804e+01 -3.03720680e+01  3.39690369e+00\n","   1.34761015e+01  4.32598099e+00 -4.95484696e+00 -2.70674496e+01\n","  -1.50921762e+01  1.05221014e+01  3.77185979e+01  2.29839000e+01\n","   1.70749929e+00 -2.64424579e+01 -3.24022792e+00  2.41941148e+01\n","   1.77183859e+00  1.34400800e+01 -1.65102350e+01  1.33508796e+01\n","  -2.99566351e+01 -1.23489241e+01  2.16547846e+00 -1.61721615e+01\n","   1.19745802e+01 -1.19831200e+01  1.90833549e+01  3.57122138e+01\n","  -4.28512089e+00  1.08148752e+01  7.83460301e+00  2.98257392e+00\n","  -1.61995264e+00 -9.47174584e+00  1.56742440e+01 -2.03880361e+01\n","  -9.94182000e+00 -7.58495424e+00  9.50301274e-01 -2.03644762e+01\n","  -2.24061202e+00  4.74295120e+00  2.20202298e+01 -2.62620546e+01\n","   3.93454180e+01 -4.23181847e+00  3.01067504e+01 -1.02753409e+00\n","  -3.91350574e+00 -1.76608713e+01 -7.09764041e+00 -2.57901508e+01\n","  -1.44063218e+01  3.13982609e+01  2.10187720e+01  1.77405116e+01\n","   1.19895344e+01  2.95182587e+01 -5.34412657e+00  1.21182301e+01\n","  -8.15409072e+00 -1.57507085e+01  1.67122718e+01  5.37329678e-01\n","  -2.40164339e+01 -5.26868936e-01 -1.17339655e+01 -7.61429904e+00\n","   1.62000193e+01 -1.95668152e+01 -1.11597518e+01  3.38086335e+01\n","   4.35658266e-01 -1.85117613e+01 -3.23075234e+01  1.26376894e+01\n","   1.34391724e+01 -3.44646220e+01 -1.72364303e+01  3.83800036e+01\n","  -6.52570102e+00  2.82757253e+00  2.17017631e+01 -1.78784400e+01]\n"," [-2.81128621e+00 -5.69163137e+00  1.51516427e+01 -7.49058778e+00\n","  -6.09164843e+00  3.30487785e+01  2.30417010e+01  4.89425727e+00\n","   2.87304151e+00  3.32366409e+00 -7.61178590e+00 -6.05637981e+00\n","   2.94283041e-03  9.74741510e+00 -6.98920798e+00  1.44787420e+01\n","   5.52001110e+01 -2.28870123e+01 -3.12242180e+01 -8.11409497e+00\n","   7.22779903e+00  7.47276233e-01 -2.93265221e+01  1.46733306e+01\n","  -7.47452217e+00  1.22114433e+01  3.70000132e+00 -8.90101431e+00\n","   2.60250688e+01 -4.66476743e+00  1.77001440e+01 -9.93796797e+00\n","  -1.38795784e+01  1.57306291e+01 -1.96347691e+01 -2.47807382e+01\n","  -7.11904252e+00 -2.96612168e+00 -1.47112144e+01  7.53179399e+00\n","   3.28815504e+01 -1.78009636e+01 -2.38598868e+01 -1.28629658e+01\n","  -4.92220212e+01 -4.32000194e+01  2.69078799e+01 -1.24351631e+01\n","  -2.61444032e+01 -2.92809872e+00  2.20869560e+01  3.87413143e+01\n","   3.21477490e+01  1.60814680e+00  3.17042916e+00  1.26202304e+01\n","  -9.98679369e+00 -2.73325966e+01 -3.05747991e+01 -1.57302431e+01\n","   9.90939669e+00 -1.43184244e+01 -1.85111196e+01  2.82661348e+01\n","  -2.16263475e+01 -1.25451043e+01  2.42448482e+00  5.73959781e+00\n","   1.10266800e+01  1.55435843e+01  1.15014802e+01 -1.25771751e+01\n","  -8.88166170e+00  3.26753292e+00 -9.22545714e+00  8.28877452e+00\n","   1.70173906e+01  7.59027295e+00 -4.50159281e+01 -1.00740623e+01\n","  -1.02935072e+00  2.89578887e+01  3.01770189e+01  2.99104143e+01\n","   4.58520969e+01  2.35157720e+01  1.36651428e+01  3.32566836e+00\n","   3.54312392e+00 -9.36228656e+00  3.40286483e+00  5.31304780e+00\n","  -3.20814837e+00 -5.30598961e+00  7.53676093e+00  2.64969227e+01\n","  -1.83876013e+01  3.91810832e+00  2.06563787e+00  7.21188479e+00]\n"," [-7.96747776e+00  2.78553866e+01 -2.07072973e+01  8.65156122e+00\n","   3.80355662e+00 -3.42453455e+01 -1.37881563e+01  1.21001857e+01\n","   3.68942228e+00  1.82566324e+01  1.68690222e+01 -2.14404470e+00\n","   2.58635861e+01  2.63511239e+01  4.05631045e+00 -8.07605882e+00\n","  -2.94926316e+01  2.29147540e+00  1.73696965e+01 -2.21505511e+01\n","  -2.40280640e+00  6.00858978e+00  3.31754620e+01 -4.49158623e+01\n","  -3.52561009e+01  6.99360478e-01  2.94701614e+00 -3.13718776e+01\n","  -4.78065023e+00 -5.03697219e+00 -5.59093793e+00 -5.24855288e+00\n","   8.62363412e+00  1.58965899e+01  3.87079678e+01  9.28009289e+00\n","   1.76463898e+01 -5.63011570e-01 -8.98272718e+00 -2.34732557e+01\n","   7.60536832e+00 -8.11648978e-01 -6.72015054e+00 -2.07738206e+01\n","   1.20241316e+01  2.37317491e+01 -1.78458279e+01  1.04010693e+00\n","   1.24932076e+01 -2.13959439e+01  4.43671645e+00  6.31411190e+00\n","   3.24851377e+01 -5.38946929e+00  1.40254797e+01 -6.33091958e+00\n","  -1.17183217e+00 -3.75407509e-01  2.30360869e+01  2.99469333e+00\n","  -2.06241193e+01  4.21579884e+00 -3.92121625e+00 -5.94430250e+00\n","   7.24956697e+00  1.79634549e+01 -5.84584103e-01 -2.15301415e+01\n","  -2.55206831e+01 -7.22293218e+00  4.87889176e+00  1.00817647e+01\n","   9.03888543e+00 -5.62345818e+00  4.25105076e+01  1.09386280e+01\n","   1.25803855e+01 -3.69152180e+00  1.17416941e+01  1.17233125e+01\n","  -1.37452131e+01  1.40308183e+01 -2.56976087e+01 -7.60804436e+00\n","  -4.05364438e+01 -2.45598401e+01  9.09203526e+00 -2.24136337e+00\n","   1.36715913e+01 -1.11384986e+00 -2.97543989e+01  8.04138769e+00\n","  -6.14466233e+00  2.19089481e+01  8.41119515e+00 -3.35165929e+01\n","   1.51587335e+00 -2.02752823e+01  1.50579252e+01 -1.32871016e+01]\n"," [ 3.57212739e+00 -6.64702256e+00  3.03138600e+01  1.81558964e+01\n","  -1.68166337e+01  2.68852616e+01  1.19175602e+01  4.54984912e+00\n","   3.10738676e+01  4.81959475e+00 -1.59082129e+01 -4.73319490e+00\n","   1.30839907e+01  2.68749727e+01  3.04474597e+00  8.09761259e+00\n","  -1.46502508e+01  5.59525809e+00 -5.41525130e+01 -3.46793352e+00\n","  -2.92673408e+01 -1.11694024e+01  3.16923040e+01  9.44994325e+00\n","  -6.63761528e+00 -1.31988068e+00 -3.26796842e+00 -3.06480864e+01\n","   2.30806042e+01  1.48820903e+00 -7.40268042e+00  3.90470606e+00\n","   2.42288655e+00  1.20713179e+01 -4.43047526e+01 -3.25981070e+01\n","   1.48520243e+01  1.53228904e+01  5.98007183e+00 -2.20553308e+01\n","   1.11734691e+01 -4.54990464e+00  1.77253794e+00  2.09249585e-01\n","  -1.65774494e+00 -1.12017676e+01 -2.74622557e+00 -1.03535127e+01\n","   5.41955133e+00  2.79271272e+01 -9.00121673e+00 -1.24455188e+01\n","  -2.74620014e+01 -7.34307193e+00 -5.06974488e+01 -1.53278712e+01\n","  -5.42006852e+01  2.21481794e+00  1.78586234e+01  2.24286673e+01\n","  -1.39985655e+01  1.88381883e+01  2.05014104e+00  1.04821933e+01\n","  -2.35295714e+01 -2.63426245e+01  2.23772062e+01  1.73728869e+01\n","   9.63646340e+00 -1.74668400e+01 -2.59468925e+00 -2.90533922e+01\n","  -4.41488709e+00 -6.10164915e-01  3.35921425e+00 -5.58251485e+00\n","   1.19676791e+01 -6.33893855e+00  2.06897092e+01  9.25447617e+00\n","   2.86761637e+01 -3.94085017e+01  3.50870695e+01 -4.50563581e+00\n","  -2.71501591e+01  8.39305578e+00  2.32343681e+01  3.75182496e+00\n","   1.37770199e+01  2.61101920e+01  2.14347278e+01  4.68934120e+00\n","  -2.55179038e+00  1.94543040e+01 -2.83442443e+00  3.84934286e+00\n","  -2.93841976e+01 -1.70059083e+01 -4.27178118e+00 -4.28462511e+01]\n"," [ 3.18333685e+01 -1.41965229e+01 -3.91574485e+00 -3.55482180e+01\n","   4.15100180e+00 -1.78575370e+01 -1.03382843e+01  5.26856621e+00\n","   1.68065877e+01  1.26073523e+01  4.11523129e+00  5.03707306e+01\n","   1.75926951e+01 -2.19202802e+01  1.07620453e+01  1.00462105e+00\n","  -1.70913899e+01 -3.79067074e+00  1.71245121e+01  2.28156284e+01\n","  -3.69076381e+00  1.73413182e+01 -1.12587755e+01  5.18923006e+01\n","  -2.28344150e+00  7.78415282e+00  2.82689904e+00  1.02209833e+01\n","  -2.70940373e+01  6.29994506e+00 -5.91317833e+00  2.81040760e+01\n","   1.80431301e+01 -3.72290717e+01  3.23186527e+01  3.00841123e+00\n","   2.90610586e+00  5.88399564e+00 -9.37138454e+00  2.33034325e+01\n","  -3.61038589e+01  3.19236369e+01  6.81833166e+00 -2.73005491e+01\n","  -1.06001092e+01  1.51276011e+01 -1.23190241e+01 -5.20695823e+00\n","  -6.79165849e+00 -7.41369124e+00 -1.27279064e+01 -6.97051040e+00\n","   2.93639749e+01 -1.43884412e+01  3.29670530e+01 -2.83081756e+01\n","   3.18253120e+00  3.37009369e+01 -3.34664604e+00  3.43838306e+00\n","  -1.65935271e+01 -3.52726308e+00  6.88704910e+00 -9.70068244e+00\n","   1.40757744e+00 -1.68728820e+01 -3.50711903e+01  3.97725842e+00\n","   1.33106083e+01  1.18670632e+00  1.11902629e+01  1.56016926e+01\n","  -1.67526422e+01 -2.52894724e+00  9.20069271e+00  1.34169446e+01\n","  -4.09331325e+00  3.35402514e+01 -1.48437678e+01 -5.69423241e+01\n","   3.33241479e+01  7.52421890e+00 -1.75595493e+00  2.29472978e+01\n","  -1.17646550e+00 -4.68673481e+01  6.97981610e+00  3.69045446e+00\n","   1.70759578e+01 -1.33459672e+01 -3.71150632e+00 -1.44058488e+01\n","  -1.76227837e+01  8.02439442e-01 -6.95280736e+00 -2.58242639e+00\n","   2.49206318e+01 -1.68859096e+01 -6.81160607e+00  2.25218486e+01]\n"," [ 1.47539775e+01  3.02197906e+01  1.15461144e+01  1.45946993e+01\n","  -1.06469697e+01 -2.38165836e+00  1.71470030e+01  1.96214972e+01\n","  -1.55861885e+01 -3.16404974e+01 -1.20331678e+01 -2.25318073e+01\n","   3.71095893e+00  2.28844848e+00 -1.79310067e+01  2.78297361e+01\n","   5.74201120e+00 -6.78273316e+00  2.19305911e+01 -9.72204112e+00\n","  -1.42175215e+01  3.02799344e+01 -3.52966200e+00 -1.76897828e+01\n","  -1.07523681e+00  3.32565202e+01  1.10867161e+01  1.81226372e+01\n","   4.23166674e+01  1.31806016e+01 -4.41110662e+01  1.31495138e+01\n","   3.47425516e+01  2.30051878e+01  1.98122352e+01 -4.08948002e+01\n","   1.75761954e+01 -3.07775581e+01  1.47818101e+01 -1.00122844e+01\n","   9.04705549e+00 -1.16496155e+01 -5.49036850e+01  2.52776878e+01\n","  -1.26276657e+01 -1.88036906e+01 -2.77718286e+01  5.93793970e+00\n","  -3.29945475e+01 -1.76873600e+01  1.53555053e+01  1.56620611e+00\n","  -1.77296484e+01  3.91621877e+01  1.80973241e+01  3.72881502e+00\n","   3.80817371e+01  6.18464496e+00  1.21480229e+01  2.33357951e+01\n","   1.66043161e+01  1.32996938e+01 -1.80700659e+01 -3.76232328e+01\n","  -1.84707221e+01  9.77286924e+00  5.43828062e+00  2.12148518e+01\n","  -5.41944851e+00 -5.77275026e+00 -2.81627944e+01 -4.37395961e+00\n","   1.27555502e+01  2.63525347e+01 -3.32450317e+00  1.32809463e+01\n","   2.26993145e+01 -5.80435388e+00 -1.66949172e+01  7.19517892e+00\n","   9.76813446e+00  1.80664348e+01 -2.03578231e+01  2.60016054e+01\n","   4.06261153e+00  2.55692305e+01 -2.78547413e+01 -3.82746651e+01\n","   3.17485543e+01  2.34811923e+01  4.60484818e+01 -1.79344146e+01\n","   2.08637534e+01  3.33968680e+01 -2.97176724e+01 -2.31570028e+01\n","   2.92126709e+01  4.75932773e+00  1.81091418e+00 -9.84794712e+00]\n"," [ 1.00164712e+01  2.42843102e+01 -7.16894580e+00 -1.28493447e+01\n","  -7.89219993e+00  1.27327347e+01 -2.05930945e+01 -1.14476028e+01\n","  -1.66562198e+01 -2.20236306e+01 -6.29700222e+00  1.51538998e+01\n","  -3.45729349e+01 -1.28698640e+01  4.23712012e+00 -2.92922955e+01\n","   5.11305269e+00  4.39401302e+00  7.37303103e+00  3.39793897e+01\n","  -2.04795708e+01 -2.72924057e+01  1.02422430e+01  5.42907734e+00\n","   2.20787565e+01 -4.39394840e+01  3.07506178e+00  9.85418211e+00\n","  -1.44181156e+01 -2.01086741e+00 -5.77786689e+00 -5.30617719e+01\n","  -1.38864765e+01 -1.50515990e+01  2.29874274e+01  1.90906853e+01\n","  -1.98698182e+01  3.54164018e+01 -3.06289196e+00  2.94153287e+01\n","  -1.29535145e+01 -5.46695945e+00  2.85156703e+01  1.29585289e+01\n","   2.99117997e+01  4.19696493e+00 -4.34309489e+01 -1.71584964e+01\n","   2.04392416e+01  2.59771754e+01 -1.16263306e+01 -4.71819474e+00\n","  -4.04656568e+01  1.84876317e+01 -9.10159470e+00 -1.07409711e+01\n","  -3.64662417e+01  7.70780711e-01 -2.11980480e+01 -2.37591053e+01\n","  -9.14624416e+00  1.36078117e+01  2.27877186e+01 -1.28344585e+01\n","   2.70828435e+00 -7.08116175e+00  5.82260169e+00 -1.01158104e+01\n","   1.08423348e+01 -1.47318496e+00 -1.80760967e+01 -1.33103035e+01\n","   1.27635342e+01 -1.07517450e+01 -3.71578169e+01 -5.14601331e+01\n","  -5.04747690e+01  1.88486364e+01 -5.61536255e+00  1.24730350e+00\n","   1.30941473e+01 -3.49078297e+01 -6.66170156e+00 -4.05116643e+01\n","   9.91255972e+00  3.59142317e+01  2.64761849e+00 -5.34844137e+00\n","   3.29055841e+01  4.15362592e+00 -9.29294146e+00  2.82420348e+01\n","  -8.93494589e+00  9.45539251e+00  2.30414995e+00 -4.84739684e+00\n","   1.18208147e+01  5.03346135e+01  1.15617822e+01  3.20888539e+01]\n"," [-1.38297020e+01 -1.94588188e+01  4.26089751e+00 -1.82718610e+00\n","   1.29192378e+01  2.12684466e+01 -7.41156862e+00  4.03288716e+00\n","  -2.18820183e+01 -1.74872518e+01  1.59471641e+00 -2.67813319e+01\n","  -6.81121656e+00  6.93442306e-01 -3.50858781e+01  1.72226501e+00\n","   2.65659807e+01  1.61517864e+01  2.88958369e+01  2.22569152e+01\n","   3.27589220e+01  6.23771722e+00  2.63997636e+01 -7.79119498e+00\n","   7.80409721e+00 -7.14422008e+00 -3.24507634e+01  2.91089347e+01\n","  -1.69973683e+01  9.56317180e+00  1.52968340e+01  2.17938255e+00\n","  -4.77065100e+00 -1.08383084e+01 -5.25567167e+00 -1.90838872e+00\n","  -2.09823111e+01 -2.62055469e+01  4.75075178e+00  3.87561872e+00\n","  -5.33470646e+00 -1.26744342e+01  1.66024369e+00 -2.10632483e+01\n","   3.30891684e+01 -1.51519654e+00  1.03629343e+01 -4.48635140e+00\n","   8.51462672e+00 -5.56472513e+00  2.03178121e+00  4.02293710e+01\n","  -3.01651995e+00 -1.12208618e+01 -1.49674698e+01  1.64651671e+01\n","  -2.54668656e+00  9.77224065e+00 -3.54651837e+01 -1.75511050e+01\n","  -5.28172968e+00 -2.24890251e+01 -3.12338712e+01  6.78137508e+00\n","   1.28929578e+00 -5.60230895e+00  1.03289005e+01  2.39653436e+01\n","   1.18095511e+01 -1.00802154e+01  1.19224237e-01  7.72789816e+00\n","  -5.08900503e+00 -5.54895195e+00  2.69247480e+00  1.25969859e+01\n","   1.38902706e+01 -4.93668488e+00 -1.66274417e+01  8.26468251e+00\n","  -2.54949118e+01 -1.12970254e+01 -3.30298304e+00 -1.93795612e+00\n","  -1.53535436e+01  1.37186536e+01 -2.98893010e+01 -2.98318623e+01\n","  -4.32700341e+01 -5.16449742e+01  7.21799238e+00  4.99001684e+00\n","  -3.04127902e+00 -1.66451384e+01  1.76477741e+01 -3.82869403e+00\n","  -1.74972104e+01 -3.40771776e-01  9.58517243e-01  9.67802368e+00]\n"," [-3.76792126e+01  8.29052057e+00 -1.53746483e+00  1.60637465e+01\n","  -5.34743284e+00 -4.80246655e+00  2.07208258e+01 -5.28657817e+00\n","  -1.33842713e+01 -1.41664579e+01  1.23820991e+01  1.28799657e+01\n","   4.95736820e-03 -8.01437313e+00  3.87067781e+01 -1.19811521e+01\n","  -1.13195765e+01 -1.84985292e+01  1.19767958e+01 -2.25162050e+01\n","  -6.61295787e+00 -4.61937222e+00  1.26855492e+01  2.33738286e+01\n","   4.08482995e+01  1.34079640e+01 -2.77938825e+01 -1.08018086e+01\n","  -8.79780583e+00  1.30878664e+01  1.63272508e+01  4.73767299e+00\n","  -3.90152603e+01 -5.63930067e+00  2.23759485e+01  4.31232735e+01\n","   8.61311004e+00  3.21978899e+01 -2.32638307e+01 -6.13579684e+00\n","  -9.73363939e+00 -2.33864085e+01  2.75827772e+01 -5.48723849e+00\n","  -9.87816839e+00  3.32808951e+01  1.85313351e+01  1.11061175e+01\n","  -3.73359279e-01  3.04975413e+01 -2.22023259e+01 -5.15853735e+01\n","   2.54900953e+00  2.24791885e+01  1.91515229e+01  9.11717433e+00\n","   3.27248820e+01 -1.40855662e+01 -4.39726888e+00 -1.69796167e+00\n","   1.87673641e+01  1.78748340e+01  1.16746597e+01  2.52771325e+01\n","   2.83237609e+01 -1.31792075e+01 -2.36930529e+01 -2.85596708e+01\n","  -1.18264865e+01 -1.42343651e+01  3.92701712e+01  2.62272260e+01\n","   1.66403789e+01 -1.96315282e+01 -1.40875747e+01 -2.24891507e+01\n","  -1.50486313e+01 -1.38459964e+01  4.01409405e+01 -2.10575162e+01\n","   6.37273957e+00  1.08470372e+01 -1.62796830e+01  6.64111074e+00\n","  -2.54376881e+01  1.01533867e+01  1.08234670e+01  1.11251668e+01\n","  -3.52665398e+01  1.99089978e+01 -2.17227226e+00 -3.72308648e+01\n","   2.06413354e+01 -3.55229182e+01 -5.34818512e+00 -1.00144034e+01\n","   5.38390632e-01  8.25686609e-01 -2.58759330e+01  1.07268655e+01]\n"," [ 3.28745220e+01 -1.20512556e+01 -3.24143904e+01 -1.22797012e+00\n","   1.16781282e+01  5.96986447e+00 -4.72412025e+00 -4.56661389e+00\n","   1.68090916e+01  2.15060734e+01 -5.43873108e+00  1.50296676e+01\n","   2.39048625e+00 -2.62254646e+01  1.58184503e+01  4.10336028e-01\n","  -1.79608424e+01 -3.99047125e+00  8.04581764e+00 -1.90597858e+01\n","   1.19961256e+01 -2.11444328e+01 -6.04021839e+01 -7.03781385e+00\n","  -2.85755794e+00 -1.72219240e+01  1.78603027e+01  1.03481330e+01\n","  -1.25805539e+01  1.32189614e+00  1.28803975e+01 -4.04792771e+00\n","   9.36781413e+00 -1.70547847e+01 -2.37378438e+01  1.20343472e+01\n","   6.92817042e+00 -1.21612844e+01  9.64332044e+00  1.60645037e+01\n","  -2.69418149e+01  2.84632226e+01 -1.22112319e+01  1.43227293e+01\n","   9.47276303e+00 -1.07502007e+01  1.74398923e+01  1.69827197e+01\n","   1.83432000e+01 -1.32175134e+01 -5.09098115e+00  1.49620373e+00\n","  -1.11852938e+01 -1.93482757e+01 -1.72267532e+01  3.41576734e+01\n","   1.89243738e+01 -1.05785254e+01 -1.15827308e+01  3.35501544e+01\n","  -1.52066153e+01 -5.55638835e+00 -6.66303366e+00 -1.53938026e+01\n","   2.58270618e+01  4.68293001e+01  8.54807400e+00  1.28757084e+01\n","  -3.44500732e+00  9.78098265e+00 -4.10937948e+01  4.93739909e+00\n","  -2.19799576e+01 -1.90708069e+01 -1.52701930e+01  2.05769254e+01\n","   1.13863784e+01 -2.09376032e+01  4.22325074e+00  3.72291834e+01\n","  -1.61303869e+01  5.48453659e-01  2.42271971e+01 -1.44341077e+01\n","   3.37972238e+01 -1.11469781e+01  1.04364484e+00  1.86450194e+01\n","  -1.31432483e+00  2.26313938e+01  8.81439811e+00  1.65117131e+00\n","  -1.17916724e+01  1.15386272e+01  1.56400780e+01  6.25695237e+00\n","   4.27148246e+00 -1.35888885e+01 -2.08404682e+01  1.76942087e+00]]\n","Best energy: -74.65554359303177\n"]}]},{"cell_type":"code","source":[],"metadata":{"id":"BLqlj0PQNHPI"},"execution_count":null,"outputs":[]},{"cell_type":"code","source":[],"metadata":{"id":"ekCBTkBVCVSQ"},"execution_count":null,"outputs":[]},{"cell_type":"code","source":[],"metadata":{"id":"P54pitW7CVOy"},"execution_count":null,"outputs":[]},{"cell_type":"code","source":[],"metadata":{"id":"EkojjFkCCVLu"},"execution_count":null,"outputs":[]},{"cell_type":"code","source":[],"metadata":{"id":"k87H58uNCVIj"},"execution_count":null,"outputs":[]},{"cell_type":"code","source":[],"metadata":{"id":"k1YR-SKFCVFe"},"execution_count":null,"outputs":[]},{"cell_type":"code","source":[],"metadata":{"id":"XZPAiP7xCVCz"},"execution_count":null,"outputs":[]},{"cell_type":"code","source":[],"metadata":{"id":"D9iHvzKBCU--"},"execution_count":null,"outputs":[]},{"cell_type":"code","source":[],"metadata":{"id":"8pN7g4cJCU7y"},"execution_count":null,"outputs":[]},{"cell_type":"code","source":[],"metadata":{"id":"lkYjoO4xCU4W"},"execution_count":null,"outputs":[]},{"cell_type":"code","source":[],"metadata":{"id":"gqicWP80CU08"},"execution_count":null,"outputs":[]},{"cell_type":"code","source":[],"metadata":{"id":"MjiheEhSCUx7"},"execution_count":null,"outputs":[]},{"cell_type":"code","source":[],"metadata":{"id":"tDYWdf4dCUus"},"execution_count":null,"outputs":[]},{"cell_type":"code","source":[],"metadata":{"id":"m-m-bPRyCUrc"},"execution_count":null,"outputs":[]},{"cell_type":"code","source":[],"metadata":{"id":"Y6IX0aO_CUoY"},"execution_count":null,"outputs":[]},{"cell_type":"code","source":[],"metadata":{"id":"KhSzA-heWXke"},"execution_count":null,"outputs":[]},{"cell_type":"code","source":[],"metadata":{"id":"764hHHyaYVCZ"},"execution_count":null,"outputs":[]}]}